[gd_scene load_steps=4 format=3 uid="uid://dv6hoovfp4f6y"]

[ext_resource type="PackedScene" uid="uid://bmmfk28a2lis" path="res://box.tscn" id="1_ipnqc"]

[sub_resource type="BoxMesh" id="BoxMesh_v0n5t"]
size = Vector3(10, 0.5, 10)

[sub_resource type="BoxShape3D" id="BoxShape3D_f1h6u"]
size = Vector3(10, 0.5, 10)

[node name="level_1" type="Node3D"]

[node name="Floor" type="StaticBody3D" parent="."]
metadata/_edit_group_ = true

[node name="MeshInstance3D" type="MeshInstance3D" parent="Floor"]
mesh = SubResource("BoxMesh_v0n5t")

[node name="CollisionShape3D" type="CollisionShape3D" parent="Floor"]
shape = SubResource("BoxShape3D_f1h6u")

[node name="Camera3D" type="Camera3D" parent="."]
transform = Transform3D(-4.37114e-08, 0.5, -0.866025, 0, 0.866025, 0.5, 1, 2.18557e-08, -3.78552e-08, -6, 4, 0)

[node name="DirectionalLight3D" type="DirectionalLight3D" parent="."]
transform = Transform3D(1, 0, 0, 0, 0.581413, 0.813608, 0, -0.813608, 0.581413, 0, 5.15588, 3.97207)
shadow_enabled = true

[node name="Box" parent="." instance=ExtResource("1_ipnqc")]
transform = Transform3D(1, 0, 0, 0, 0.65416, 0.756356, 0, -0.756356, 0.65416, 0, 4.88227, 0)

[node name="Box2" parent="." instance=ExtResource("1_ipnqc")]
transform = Transform3D(1, 0, 0, 0, 0.65416, 0.756356, 0, -0.756356, 0.65416, 0, 6.79509, 0)

[node name="Box3" parent="." instance=ExtResource("1_ipnqc")]
transform = Transform3D(1, 0, 0, 0, 0.65416, 0.756356, 0, -0.756356, 0.65416, 0, 8.84567, 0)

[node name="Box4" parent="." instance=ExtResource("1_ipnqc")]
transform = Transform3D(1, 0, 0, 0, 0.65416, 0.756356, 0, -0.756356, 0.65416, 0, 10.7585, 0)

[node name="Box5" parent="." instance=ExtResource("1_ipnqc")]
transform = Transform3D(1, 0, 0, 0, 0.65416, 0.756356, 0, -0.756356, 0.65416, 0, 12.7017, 0)

[node name="Box6" parent="." instance=ExtResource("1_ipnqc")]
transform = Transform3D(1, 0, 0, 0, 0.65416, 0.756356, 0, -0.756356, 0.65416, 0, 14.6145, 0)

[node name="Box7" parent="." instance=ExtResource("1_ipnqc")]
transform = Transform3D(1, 0, 0, 0, 0.65416, 0.756356, 0, -0.756356, 0.65416, 0, 16.6651, 0)

[node name="Box8" parent="." instance=ExtResource("1_ipnqc")]
transform = Transform3D(1, 0, 0, 0, 0.65416, 0.756356, 0, -0.756356, 0.65416, 0, 18.5779, 0)
